checkpoint: ckpt/roberta-large_20240327_174024.pth
model: roberta-large
test_acc: 0.9228420195439739
test_acc_both: 0.7039902280130294
test_acc_swap: 0.5855048859934854
